2
1 0 20.694192 136.220866 1.679442
1 0 26.704922 89.839111 1.683426
2
0 1 29.372571 99.393195 1.757927
1 0 33.314242 118.056689 1.835568
4
1 5.946730
1 6.379823
1 5.529870
0 5.429082
69105.805402 42.800787 94.100684
0
6
0 0 34.889490 119.685099 1.708560
0 0 32.636943 123.150040 1.708166
0 1 27.945058 116.663709 1.732078
1 1 28.620643 85.634527 1.853024
1 1 26.531580 112.708367 1.815625
1 1 26.489578 97.785402 1.529943
0
55069.346233 44.151264 104.036967
0
3
0 1 29.781321 102.311747 1.581434
0 1 20.975798 106.420266 1.699030
0 0 28.893352 108.829669 1.714997
2
0 6.380411
3 5.295443
54474.195314 33.673715 86.078232
2
1 0 19.141294 128.390758 1.676472
0 1 24.040574 109.332310 1.764755
5
1 0 28.696866 112.513250 1.791373
0 0 21.880412 101.661825 1.716336
0 0 24.917661 84.683557 1.733825
0 1 27.677495 79.806210 1.796818
0 1 27.108456 123.713212 1.662572
2
1 3.447841
0 5.546279
53961.041479 36.324762 114.896333
2
1 1 30.267596 100.570612 1.728781
0 0 22.165447 99.442391 1.690422
5
0 1 28.319847 132.347065 1.666267
1 0 24.744230 119.772189 1.680156
1 1 31.730730 79.915349 1.745806
1 1 26.164364 77.294299 1.888009
0 0 28.270444 56.271882 1.848229
3
2 5.687860
4 5.119930
2 6.964342
38417.565500 43.785514 88.898368
1
1 1 30.889532 129.072269 1.784664
0
4
0 4.579788
0 5.449780
1 4.514143
0 4.236429
54907.003140 38.520047 98.958415
2
0 0 30.648100 148.300375 1.711629
0 1 34.212378 83.269498 1.669897
2
1 1 31.261831 66.832916 1.669280
0 1 32.928645 117.012066 1.776758
1
1 6.468792
57967.418112 37.490642 104.142495
1
1 0 25.140178 92.272435 1.739599
1
0 0 32.982157 135.976864 1.792912
2
0 7.472107
3 4.065159
49267.273136 42.213726 86.902354
2
0 1 24.349736 127.552897 1.662571
1 1 30.639223 75.119877 1.767243
2
1 1 23.811885 132.792570 1.643469
0 1 31.319580 96.841225 1.732406
2
1 5.482322
3 4.275698
32097.670869 38.103668 109.289723
2
1 0 30.862548 110.574979 1.692296
0 0 27.330184 76.018426 1.700988
2
1 0 29.115848 104.635595 1.593241
0 1 23.069887 73.400048 1.542436
2
0 4.428754
0 4.727173
54345.365062 34.141175 102.020075
2
1 0 27.424090 89.014916 1.550994
1 1 34.196202 127.459367 1.517025
1
1 0 29.169859 105.495725 1.819147
0
63071.403206 42.686292 96.556169
2
0 0 29.558859 72.369351 1.532422
1 1 22.439913 101.539185 1.759815
6
0 0 27.301902 117.870972 1.724957
0 1 31.425631 86.722802 1.672452
0 1 31.784159 78.435145 1.805917
0 0 32.355679 111.089920 1.682254
0 1 27.163832 140.513103 1.743146
0 1 24.863219 82.959232 1.754673
2
4 5.145678
0 4.442127
42529.573513 30.635857 106.684148
2
1 0 23.564106 79.723156 1.845765
1 0 22.262509 47.150161 1.729267
3
1 0 23.089275 94.797595 1.607093
1 1 30.323740 87.780263 1.682374
0 0 31.475824 96.690286 1.920954
0
36279.148289 30.944915 89.136558
2
1 0 28.684460 96.580848 1.642900
1 1 31.994365 110.118636 1.626063
3
0 1 31.700678 81.991168 1.704977
1 0 20.508244 106.760217 1.646322
1 1 29.943208 145.186412 1.785979
1
1 4.932479
37194.970858 41.585807 102.239676
2
0 1 20.372566 89.331304 1.769704
0 0 26.827948 108.941738 1.687060
2
1 0 28.159096 96.414478 1.511527
0 1 33.207813 109.970991 1.664931
2
0 7.133672
1 5.618834
55277.783623 37.970950 97.228391
2
1 1 32.732718 99.803679 1.596146
0 1 35.453029 115.759435 1.636676
3
1 1 18.304982 102.022964 1.727154
1 0 29.139317 116.356036 1.661518
1 1 30.326605 120.875238 1.773475
1
4 3.980072
53382.711757 35.653382 109.772712
2
1 1 25.972138 105.021955 1.616305
1 0 29.428216 116.608505 1.653503
2
0 1 32.046241 124.885770 1.607678
1 0 34.240022 93.980746 1.731173
4
0 4.924207
1 4.835860
1 4.487919
2 5.371234
54747.857220 35.091888 84.865433
2
0 0 15.442269 84.568346 1.807991
0 1 21.181117 91.254487 1.828896
2
0 1 24.955614 120.122917 1.696984
1 0 22.125700 87.030883 1.497388
2
2 5.898395
1 5.626703
37114.440869 31.840911 109.172845
2
1 0 24.715000 64.639679 1.615652
1 0 21.582727 58.423188 1.619047
2
1 1 26.620625 52.320050 1.796838
1 1 29.253777 73.283263 1.593765
0
73721.240748 42.051522 93.305302
0
1
1 1 31.398959 73.388007 1.843160
3
1 4.161881
3 7.207374
1 5.723588
65919.666317 30.837356 87.001680
1
0 0 33.594000 92.848756 1.420831
2
0 0 33.995014 86.976200 1.607994
0 0 27.829914 64.297010 1.770003
0
50629.244945 36.514622 94.560439
2
1 0 20.942896 115.425823 1.722256
1 0 29.104559 108.729653 1.756998
3
0 1 32.486014 95.325244 1.703362
1 1 32.027593 96.082372 1.633670
0 0 19.934318 120.620354 1.597783
1
1 2.905768
36781.694793 35.634833 117.280753
1
0 1 19.324245 101.372993 1.617159
3
1 0 25.354106 110.731018 1.584179
0 1 19.632395 86.971076 1.712326
1 1 32.034699 95.463104 1.649181
1
2 3.529316
45945.592525 37.387439 115.871468
2
0 1 33.171563 78.359622 1.771102
1 1 27.352196 82.868896 1.658845
1
1 0 19.950278 104.294562 1.638090
3
2 6.421081
3 5.971521
0 4.248980
48479.661929 28.947606 103.591879
0
6
0 0 30.067341 128.264175 1.879199
0 1 32.800070 115.838382 1.779599
1 0 38.446946 70.848924 1.663058
0 1 33.524459 90.783216 1.665938
0 0 27.906947 105.748371 1.636569
0 0 34.672897 81.945208 1.906491
3
0 4.442077
1 4.132747
1 4.886239
45748.743907 40.037049 91.620317
2
1 0 33.793202 99.893649 1.627164
1 0 26.622620 89.435622 1.884491
2
0 1 27.431390 126.008847 1.625014
1 0 25.708738 101.291963 1.606886
3
3 6.899185
1 5.449500
2 2.721364
54287.070902 43.547246 107.914023
2
0 1 27.574490 103.717861 1.631653
0 0 22.710190 117.510113 1.662110
3
0 1 32.451926 96.332908 1.495027
1 0 17.135077 72.992042 1.723206
0 1 27.088381 107.612451 1.819881
1
2 5.228909
33726.949907 35.239579 81.288100
2
0 0 26.990524 104.954739 1.682198
0 1 22.854192 87.385569 1.694130
2
0 0 27.291618 99.039987 1.703194
0 1 30.385817 119.686130 1.614491
0
45135.600985 43.519390 103.473040
2
1 1 32.331660 99.537709 1.820211
1 0 29.566291 95.379385 1.709351
8
0 1 25.239730 86.683789 1.656742
1 0 30.387828 42.152674 1.438607
0 1 25.670788 85.809198 1.705747
1 1 20.928009 107.588737 1.528336
0 0 26.962159 82.279254 1.618390
0 0 11.180677 106.415140 1.846992
0 1 22.405095 101.322301 1.587007
1 0 26.110305 73.954302 1.600645
1
1 6.034309
50636.550666 36.516232 83.903536
2
1 1 33.746717 93.670336 1.866518
0 0 32.870069 86.221426 1.804799
1
1 0 26.170678 95.781127 1.807235
4
1 6.023822
1 4.952270
1 4.716800
0 5.365944
73673.566152 36.461932 101.776907
2
0 0 27.048480 76.865997 1.786489
1 0 20.244282 93.201978 1.686130
3
0 1 39.044447 107.112615 1.739657
0 1 34.886668 99.968082 1.534642
1 0 16.162577 83.921939 1.792616
1
2 2.880507
52213.999562 32.835251 109.743957
2
0 1 23.857609 106.053770 1.764219
1 1 25.770314 117.793187 1.563081
3
1 0 22.726645 90.630939 1.573353
1 0 32.483046 113.418935 1.879764
0 0 29.290212 91.492567 1.675244
1
3 5.378792
35887.256979 33.157951 97.604320
2
1 1 17.382392 85.539836 1.822953
1 0 22.344629 79.304590 1.657488
10
1 0 24.138549 109.453177 1.947035
0 1 34.485640 65.326955 1.569329
1 1 28.362255 99.115571 1.627294
0 1 20.902541 76.904092 1.582076
0 1 20.322195 129.586595 1.611556
1 0 29.194442 113.176593 1.934123
0 0 31.478562 133.016808 1.620165
0 0 26.175439 110.629160 1.773975
0 0 24.524368 106.197592 1.740559
1 0 25.748458 134.282783 1.693239
1
1 4.352920
45748.491492 32.224992 99.076682
2
0 0 33.887482 114.436840 1.736012
0 0 29.801792 97.475803 1.752382
3
0 0 23.197710 89.236749 1.690571
1 1 30.883420 77.186263 1.846807
1 0 29.727278 103.830527 1.671412
1
1 4.507624
43916.438783 43.866798 85.246572
2
0 1 31.726428 125.684596 1.728579
1 1 28.873840 122.230420 1.620936
3
0 0 31.471980 83.977925 1.735556
1 0 13.502366 134.837728 1.561434
0 1 27.250728 78.097905 1.636824
0
39753.224290 34.981310 102.729699
0
2
0 0 28.614326 78.077646 1.779805
0 1 30.161408 116.295166 1.688767
0
42739.821275 40.634325 107.836751
2
0 0 23.280592 98.628693 1.706785
1 0 22.999926 86.527332 1.596722
6
1 0 29.300075 95.260026 1.691881
0 1 31.975856 109.885841 1.863975
1 0 25.574689 99.186112 1.688562
0 0 38.570838 82.886867 1.726354
0 1 34.040512 87.709527 1.856966
0 1 29.330473 102.592556 1.700393
0
37096.047040 44.014175 97.868194
2
0 0 32.805229 100.481874 1.720090
1 0 20.233652 100.274608 1.741032
1
1 1 31.415301 123.098930 1.563968
4
3 6.814726
2 4.017236
2 5.978785
2 3.988114
45542.355676 41.354626 117.595769
2
1 1 38.777726 128.181409 1.656738
1 1 35.023370 111.826367 1.633776
3
1 1 35.438368 82.068192 1.706028
0 0 27.104361 92.898457 1.626645
0 1 28.311192 127.272727 1.952533
1
2 3.917320
43190.966204 30.447098 115.342545
2
0 1 32.214778 91.858323 1.559450
0 0 20.437111 77.597324 1.713012
6
1 1 14.001737 93.123379 1.678788
1 0 28.465079 84.035589 1.580143
1 0 31.317607 94.586637 1.688946
1 1 28.549686 110.358972 1.744705
0 0 24.971332 102.762750 1.758689
0 1 27.695284 75.269364 1.795360
4
0 5.735787
3 4.857264
3 3.237273
2 3.842527
45833.081756 42.962026 96.044025
2
0 1 22.793829 87.075958 1.689136
0 1 28.382516 113.038381 1.605720
2
1 1 16.231983 122.944903 1.742802
0 0 27.749501 107.734007 1.614146
2
1 5.503275
0 4.221734
51393.042960 32.748115 106.648581
2
0 1 22.139303 141.030056 1.695924
1 0 28.446236 118.440752 1.633272
2
1 1 36.267053 97.136156 1.675799
0 0 24.040201 134.145339 1.638383
0
53499.678874 34.197035 110.458959
2
1 0 29.049853 91.277777 1.768639
0 0 26.471409 103.125242 1.661650
2
0 1 29.391054 105.602047 1.536285
0 0 26.605135 82.904988 1.751838
2
1 6.084474
2 5.369558
54031.116434 37.066798 88.662342
2
1 1 20.457649 98.443657 1.823247
1 0 29.948503 111.432621 1.743896
3
0 1 31.348088 111.681518 1.574695
1 0 29.375201 73.641361 1.678255
0 1 32.935426 106.206225 1.892134
4
0 4.609255
3 4.044394
2 5.679249
0 4.631707
57287.925767 37.160766 119.551250
0
8
1 1 31.358302 75.235498 1.575262
0 1 37.181415 89.631601 1.710797
1 1 30.820346 84.151527 1.633134
0 0 30.307722 88.423630 1.767934
0 1 29.362631 134.015803 1.495383
0 0 33.426532 111.933205 1.617047
1 0 28.038917 90.005269 1.506806
0 1 31.656203 89.588139 1.746601
4
0 4.528429
1 5.008437
3 7.003919
0 6.032369
41530.871344 35.903481 101.200144
2
0 1 23.076993 69.343450 1.858493
0 0 31.967525 93.392715 1.753984
3
0 1 16.621837 120.728813 1.642207
1 0 23.469435 118.681850 1.589808
0 1 29.744959 55.895065 1.759271
0
56672.490494 32.963606 114.791602
2
1 0 30.123947 116.711674 1.828487
0 1 28.754305 87.213318 1.673933
7
1 0 17.002798 104.091486 1.682711
1 0 28.783328 77.855656 1.775048
0 1 22.648994 58.730139 1.716143
1 1 28.482004 99.536285 1.847034
1 1 23.214233 102.784863 1.846536
0 0 32.132922 118.043862 1.742679
1 0 33.288209 116.869481 1.701515
2
2 4.598433
1 5.487721
62307.528659 29.974449 97.674432
2
1 1 28.657567 105.632347 1.806480
1 0 24.332665 106.122753 1.623156
6
0 1 28.011764 134.767610 1.689742
0 1 27.096900 97.605625 1.646814
1 0 27.353786 94.779992 1.611200
1 1 27.691865 70.584963 1.756810
0 1 21.020163 115.958930 1.739864
0 0 23.196614 101.918363 1.540406
1
2 4.987941
65900.138707 44.993614 99.819294
1
0 1 31.865788 55.759225 1.768360
6
0 1 30.768445 90.971588 1.736415
1 0 26.935237 98.670156 1.640921
0 1 21.642971 75.191260 1.878163
0 0 24.953970 105.226961 1.521976
1 1 26.654051 87.193876 1.759334
1 0 29.235685 89.314103 1.628821
2
0 3.955720
4 5.088678
48102.097681 38.448811 84.772776
0
2
0 0 21.787713 136.741317 1.929802
0 0 17.395018 106.219968 1.676219
2
0 4.170070
3 6.489085
62447.352960 34.437460 110.991595
2
1 1 28.816233 77.620930 1.614925
1 1 29.969846 110.495538 1.804309
1
0 1 27.820073 80.764015 1.625216
1
2 4.962228
49451.787833 43.335965 103.202709
1
1 1 23.317180 88.160712 1.637650
1
0 0 32.428184 66.504437 1.607569
2
0 3.572432
1 5.431065
45339.565015 35.616735 116.682888
1
0 0 30.707517 101.622245 1.663620
2
0 0 37.891182 86.714850 1.753800
1 0 33.192928 66.919814 1.738830
0
31982.071707 36.945773 97.720357
2
1 1 29.165258 92.723627 1.867746
1 0 25.459551 95.840716 1.948417
3
1 0 29.794481 69.337830 1.643717
0 1 33.189612 105.666350 1.737599
1 0 34.413429 103.402776 1.828757
2
0 7.718877
0 3.837717
47088.664246 42.324427 117.485931
2
1 0 27.555916 109.293411 1.719312
0 1 30.605164 105.408410 1.776149
3
1 0 17.092550 95.684098 1.765728
0 1 24.988319 91.602180 1.745015
1 0 30.818382 110.565872 1.630388
1
1 5.104347
53123.280009 30.208715 105.588973
2
1 0 26.568891 78.703936 1.505114
1 1 28.828702 100.970210 1.626493
2
0 1 27.752222 84.344341 1.686171
1 0 34.787422 82.223569 1.767239
1
0 3.859966
37029.489629 43.632987 104.094792
2
1 0 21.909705 111.938955 1.566841
1 0 30.250561 66.994115 1.559463
2
0 1 35.886531 73.081798 1.663010
1 1 29.637392 97.005955 1.562788
1
2 5.874537
57012.050419 30.427514 87.457223
2
1 1 22.367247 107.852728 1.592260
1 0 30.588426 84.382383 1.540607
1
1 1 26.194802 104.914605 1.633055
1
1 5.907711
39269.817684 31.683012 101.967046
2
1 0 27.879902 97.350926 1.784732
0 1 30.010847 122.282907 1.570313
4
0 0 20.082305 93.907273 1.670278
1 1 34.133010 106.374242 1.772152
0 0 32.861825 95.736747 1.749649
0 0 28.896891 87.547620 1.690830
2
2 3.918437
0 5.485609
42210.154325 40.044895 106.074807
2
1 1 32.092263 108.443115 1.647933
0 1 30.448686 89.630913 1.764005
3
1 0 27.216389 121.244587 1.756500
1 1 33.700744 74.741869 1.714011
1 0 32.693213 102.824103 1.663218
1
2 4.738750
58551.473830 42.688850 88.068658
2
1 0 29.719133 120.897794 1.678358
1 0 26.833824 94.767611 1.669286
1
0 0 23.247719 89.999085 1.617776
4
2 3.845322
2 4.002190
0 4.563754
2 6.282971
52602.262191 39.981311 90.298858
1
1 1 29.977594 67.809745 1.569661
1
1 0 23.587202 80.055170 1.651703
4
1 6.782468
0 4.044082
2 2.736838
0 5.907092
54007.573185 35.311449 95.587804
2
1 0 35.760669 140.611994 1.489650
0 1 33.054804 89.531917 1.515133
3
0 1 29.934173 74.180599 1.742776
0 1 13.297826 105.119030 1.725566
0 0 28.724709 103.732881 1.695687
1
1 4.554871
40438.131095 40.497119 113.967196
2
0 1 27.285241 84.386495 1.779564
1 0 34.923637 95.117193 1.815349
2
0 0 16.148802 106.347088 1.574070
0 1 32.402088 82.441921 1.663396
3
3 5.983799
2 5.068366
0 5.920039
43916.754235 43.031653 115.700947
2
1 0 25.429697 103.717101 1.764242
1 0 20.065545 101.098382 1.522461
2
1 1 26.985877 114.320932 1.621142
1 1 36.922028 120.601790 1.638118
1
1 4.700771
33225.329668 33.873681 113.873851
2
1 1 28.643676 55.972065 1.644011
0 1 31.007028 120.595964 1.676257
3
0 0 27.183667 109.514021 1.743830
1 0 30.928127 127.431072 1.707564
0 1 25.526773 108.658030 1.615037
1
4 1.460881
52360.908210 38.359988 110.281739
1
1 1 23.919307 105.929315 1.815288
2
1 1 29.856569 84.934605 1.807707
0 0 26.920766 93.514764 1.759102
2
1 4.301021
3 4.778135
40132.209295 35.729084 96.080684
2
0 0 24.850980 113.007320 1.615491
0 1 27.006534 101.147770 1.812574
2
1 1 28.861178 66.069314 1.735499
1 1 25.928294 141.552810 1.636495
0
47088.134332 38.058925 111.795807
2
0 0 38.348689 111.559436 1.744094
1 0 31.823095 87.055286 1.658444
2
1 0 33.725705 103.954791 1.606108
1 0 30.978548 101.556762 1.502113
2
1 3.845705
3 4.328604
48467.212627 43.150386 117.940794
2
0 0 19.614248 80.239067 1.647496
1 1 24.737424 98.406279 1.653129
6
0 1 19.979447 88.710329 1.556824
0 0 27.787807 95.876930 1.886150
0 0 27.781189 97.168089 1.736494
0 1 28.718498 149.075937 1.768204
0 0 26.818319 111.391350 1.767200
1 1 29.858220 96.109219 1.564509
3
1 4.677236
2 5.256968
1 3.841030
51121.383021 30.997835 113.672574
2
1 0 21.252758 123.236954 1.636892
0 0 29.674879 92.100080 1.752395
2
1 1 17.207653 117.259460 1.653842
1 1 24.124219 127.506459 1.923573
4
1 5.046519
0 4.434546
0 6.404206
1 3.781142
51294.719387 28.516807 82.869312
2
0 0 24.545725 91.032523 1.700184
1 0 24.608638 105.910884 1.889437
2
1 1 30.727292 93.467116 1.550180
0 0 29.605889 93.491324 1.593186
2
3 2.348844
2 5.020556
69312.753748 31.181578 107.588874
2
1 0 22.908213 76.968156 1.738487
1 0 34.513237 120.385498 1.498752
2
0 1 32.736440 101.134989 1.825703
0 0 32.583228 95.071842 1.700363
2
3 5.212651
2 2.731192
56750.063946 39.880683 112.887787
0
4
1 1 39.992685 85.600168 1.670778
0 1 32.491198 93.832886 1.840034
0 1 18.634453 141.658260 1.756757
0 0 23.062273 109.900504 1.667072
3
1 7.267815
0 4.267115
2 5.167888
63308.304966 43.912748 116.974085
1
1 1 30.881081 73.878569 1.807319
2
1 0 20.911013 112.132873 1.621153
0 0 22.352184 112.710884 1.687109
4
4 2.432715
1 4.909162
0 4.957477
1 6.225333
60062.185286 42.933725 118.196886
2
0 1 29.527457 72.914817 1.712136
1 0 33.171989 97.695810 1.691672
3
1 0 28.271587 125.257245 1.811769
1 0 30.235674 98.962163 1.643172
0 1 25.021639 123.626804 1.868310
3
0 6.526847
2 3.742522
2 6.647010
31935.148223 28.320769 103.575693
2
1 1 29.025380 99.630071 1.791214
0 1 26.467162 116.358686 1.669054
3
1 0 29.838351 94.997048 1.758208
0 0 20.350933 94.968688 1.600955
1 0 31.322964 71.075766 1.594432
2
0 4.365806
0 5.885549
47599.973920 44.918529 90.161002
1
0 1 27.769713 133.935474 1.679957
3
0 0 21.873324 85.565148 1.541249
0 0 33.927794 100.817505 1.656389
1 0 30.400426 99.081467 1.735139
2
1 4.911362
1 4.582335
40315.548064 36.608509 102.914194
2
1 1 20.490438 136.510126 1.634970
1 0 24.672561 89.235392 1.479769
7
0 1 31.964462 127.689358 1.609874
0 0 22.943591 110.867920 1.674639
1 1 28.664511 139.778514 1.937403
1 1 20.739761 105.552254 1.533376
0 0 18.715266 85.218239 1.689134
0 1 25.815297 95.759673 1.545506
0 1 32.506064 70.181280 1.748634
1
1 3.650304
32305.661953 44.609979 110.861509
2
1 0 28.192171 90.688391 1.716129
1 1 34.810142 89.541461 1.515549
3
1 1 16.078817 121.246000 1.805568
0 1 20.008088 90.247643 1.801882
0 0 31.703390 100.660159 1.639473
3
0 5.102547
2 4.300111
3 4.955227
54683.539086 38.205973 106.388450
1
0 1 24.274134 82.955231 1.837683
3
0 1 22.681058 120.406837 1.750263
0 1 25.671041 116.471407 1.706716
0 1 29.057135 68.220398 1.698814
3
0 5.511837
0 5.295429
1 3.879970
47579.292466 35.513816 105.435677
2
1 0 38.682074 80.512913 1.590076
1 1 24.682439 91.447305 1.648412
3
1 1 27.941778 121.770797 1.586792
0 0 27.944577 121.572052 1.663832
0 1 38.125178 145.429162 1.775201
1
2 4.027356
33797.561515 35.127471 82.882853
2
1 1 31.707007 92.412329 1.760363
1 0 28.115372 64.723528 1.706171
3
0 0 26.275679 99.682205 1.685740
1 1 25.861767 44.350337 1.620228
0 1 21.620548 83.025438 1.879774
0
55802.117276 31.129951 89.725199
1
0 0 30.291362 71.633606 1.801478
11
1 0 29.036288 94.838211 1.759612
1 1 27.804742 73.048520 1.659622
1 1 24.639009 77.891797 1.689465
0 0 38.818329 72.691958 1.734137
1 1 33.895318 136.160902 1.892780
1 1 18.131765 82.206548 1.623901
0 1 23.505809 79.206673 1.538984
1 1 23.268080 95.998805 1.806737
1 0 36.339580 98.498945 1.658495
1 1 32.508884 119.454818 1.656109
0 1 28.263495 85.389468 1.774971
2
0 4.503638
0 5.092129
59327.859840 39.224717 110.873404
2
1 1 20.950131 78.788605 1.620585
1 0 29.323920 123.960486 1.778722
1
0 1 29.499211 110.105295 1.574819
1
1 6.129922
48641.759507 39.934333 87.129251
2
1 1 33.181764 106.969960 1.678127
0 1 36.131205 71.938178 1.687482
2
0 1 27.537435 85.419663 1.842645
1 1 29.720052 89.539118 1.674851
2
1 5.288480
3 4.547019
36940.487722 31.300883 93.926016
0
3
1 0 27.251942 105.114217 1.791333
1 0 29.517048 112.953534 1.514611
1 0 26.310458 85.365011 1.555768
2
1 3.888387
0 4.131153
53924.829415 28.678214 118.359984
2
0 1 34.995269 102.070483 1.735313
1 0 20.611543 73.534252 1.723314
1
1 0 25.887810 65.001805 1.731719
3
1 4.216017
3 4.697693
1 4.696438
47483.810771 29.196048 100.973567
2
0 0 13.219152 100.103327 1.742553
0 1 28.508494 114.569418 1.774463
8
0 1 17.708199 77.123604 1.529457
1 0 22.902406 93.678523 1.743562
1 0 34.862840 81.597183 1.657622
1 0 25.514188 114.209955 1.607958
1 0 27.516587 118.766841 1.657835
0 1 28.630024 85.330955 1.786321
0 0 33.275190 71.593222 1.690163
1 1 24.710347 96.224305 1.763346
3
1 4.063770
3 4.848500
0 4.400553
62581.856378 34.455042 82.036083
2
0 0 28.606810 104.421929 1.630744
1 1 29.288847 110.275689 1.726458
0
4
1 4.080561
0 5.049200
0 4.906465
0 5.693979
58545.947418 30.772127 89.942394
2
1 0 22.896553 115.197820 1.714042
1 1 24.426382 82.793045 1.809924
3
0 1 18.481515 90.310458 1.639733
1 0 23.516090 106.728474 1.745854
1 0 23.753950 66.489588 1.574534
4
1 4.979022
1 4.716161
4 3.762193
3 3.471271
46378.451341 31.193639 82.664142
1
1 1 33.522399 80.088089 1.643502
4
1 1 19.325704 154.104954 1.723836
1 0 22.335628 142.257538 1.715795
1 0 35.228303 105.142568 1.692244
1 0 27.182247 81.358817 1.619278
4
1 4.586792
1 4.470075
4 6.633337
1 7.032983
51757.862830 28.887157 117.778786
2
0 1 29.244914 124.030684 1.804759
0 0 27.926313 109.668463 1.653289
0
4
2 4.549156
2 2.758868
0 5.270432
1 6.746147
37031.629872 28.285897 116.626749
2
0 0 19.161108 108.659931 1.555008
1 1 26.409796 109.266992 1.708066
2
0 0 34.743501 68.669028 1.691786
0 0 28.017231 131.147314 1.712181
1
0 4.884711
53655.218708 37.815194 116.788958
2
1 0 30.287304 92.623741 1.861344
1 0 19.259568 98.956205 1.471348
1
1 0 22.394548 114.243294 1.738360
2
1 4.485282
2 7.472212
78187.664424 28.372368 92.668372
2
1 0 28.411336 85.640925 1.709994
0 0 21.126608 100.717074 1.575457
3
0 1 21.282692 90.848560 1.726510
0 1 28.119574 137.029458 1.561789
0 1 26.661251 87.546146 1.642830
4
1 4.286921
3 5.975032
2 4.878798
3 6.018502
56228.001783 40.533698 110.030264
2
0 1 37.120062 55.236376 1.685987
0 0 35.059599 145.673863 1.752535
2
1 0 26.967531 106.686174 1.738808
1 1 23.105384 102.799637 1.674751
1
1 6.942008
52937.351324 35.355450 86.096651
2
0 1 28.902997 87.120211 1.750833
1 1 24.121792 103.161346 1.705657
2
0 0 31.306223 110.014126 1.844905
1 1 16.589900 86.806737 1.556596
1
0 4.660780
41347.039755 44.617445 113.083548
2
0 1 36.681212 130.178188 1.810782
0 0 26.334472 86.461059 1.828826
3
0 0 26.044674 73.534723 1.686575
1 0 28.774124 96.139931 1.641374
1 0 23.452963 59.434641 1.627487
1
3 3.766796
62003.084599 36.714435 115.190397
2
0 0 30.630942 45.014889 1.870329
0 1 16.767882 75.485980 1.724849
1
0 1 32.997090 109.409321 1.681795
2
1 5.297170
3 7.188050
56507.916102 44.253620 119.826256
